4
-0.51756192860869965067,0.33979392649832684814,0.78515586072966625508,0.01414255746144088555,
-0.52270389883707746304,-0.85213489581784995774,0.02435461738811110083,-0.00732161743736413784,
-0.67742917282573666959,0.39790112865490634420,-0.61865808532123844898,-0.00515568486714312012,
0.00000000000000000000,-0.00899436821035330507,-0.01411738079089553191,0.99985989063473357241

0.43985310838218216745,-0.57561810740630836580,-0.68918953771363755667,0.01451959292042549927,
0.72245161887769804299,0.68269610532429858551,-0.10926378088499102970,-0.00714928966706050804,
0.53346939065799303670,-0.44997317718605711612,0.71617180906977107036,-0.00569990682434383476,
0.00181952150704142658,0.01067529925102710629,0.01330966515397902748,0.99985277923346060902

-0.42383432694297518140,0.59313255970464484612,0.68435908790600907814,0.01452131961864550416,
-0.74113378109284344664,-0.66148848525984715874,0.11446656475005609344,-0.00714898216384914596,
-0.52065412555416923368,0.45881550740084175999,-0.71998270934704089452,-0.00570175001431105603,
-0.00211266922231335887,-0.01072756521105318848,-0.01322658671280233476,0.99985274584677130694

0.42193445593548106753,-0.59448888332828075942,-0.68435620386402828963,0.01452131971758647937,
0.74324640184680978994,0.65911330973480852791,-0.11446974764737595509,-0.00714898214729901837,
0.51918348539774727968,-0.46047548974583879522,0.71998494559203407572,-0.00570175011840397435,
0.00214698077452210243,0.01072081493406730826,0.01322653496569670128,0.99985274584485905880

-0.42168680448684947581,0.59466457472204903301,-0.68435620386314488517,0.01452131971758647937,
-0.74352086940933703740,-0.65880367764635516803,-0.11446974764835431138,-0.00714898214729901837,
-0.51899164439766765078,0.46069169865631648397,0.71998494559271863924,-0.00570175011840397435,
-0.00215144599216765802,-0.01071991974969472780,0.01322653496568077652,0.99985274584485905880

EOF